4750   2.20
3727   2.24
1938   3.14
3475   2.14
1691   2.43
3229   2.50
2847   2.16
2848   3.06
4769   2.41
1954   3.24
4776   2.84
3637   1.88
4782   2.23
4765   2.69
4784   2.75
3507   2.18
3508   2.20
3253   2.57
3254   2.56
4792   2.10
4798   2.54
3509   2.31
4800   2.43
2628   2.60
2629   2.61
2889   2.43
2890   2.41
3638   2.53
2508   2.67
2512   3.76
2513   3.42
2516   2.38
2517   2.15
2519   2.63
3288   2.37
2521   4.10
2523   2.06
2524   2.15
2525   2.45
2528   2.64
3434   2.28
3435   2.24
3436   2.15
3437   2.34
3438   2.57
2672   2.96
2033   3.06
3314   2.20
3191   2.38
