10969
10970
10971
10972
10973
10974
10975
10976
10977
10979
10980
10983
10984
10985
10986
10987
10988
11220
11221
11222
11223
11224
11225
11226
11227
11229
11230
11231
11232
11233
11234
11235
11236
11237
11238
11239
11240
11242
11243
11264
11265
11266
11267
11268
11269
11270
11271
11272
11273
11274
11275
11276
11277
11278
11279
11280
11281
11282
11283
11284
11285
11287
11288
11289
11290
11291
11292
11293
11295
11296
11297
11298
11299
11300
11301
11302
11303
11305
11306
11307
11308
11309
11310
11311
11312
11313
11314
11315
11316
11317
11318
11319
11320
11321
11322
11323
11324
11325
11326
11327
11329
11330
11331
11332
11333
11334
11335
11336
11337
11340
11341
11342
11343
11344
11345
11347
11348
11349
11351
11352
11353
11354
11355
11356
11357
11358
11359
11360
11361
11362
11363
11364
11366
11368
11369
11370
11372
11373
11374
11375
11376
11377
11378
11379
11380
11381
11382
11383
11384
11385
11386
11387
11388
11389
11390
11391
11392
11393
11394
11395
11397
11398
11399
11400
11401
11402
11403
11404
11405
11406
11408
11412
11413
11419
11420
11421
11422
11423
11424
11425
11426
11427
11428
11429
11430
11431
11432
11433
11434
11435
11436
11437
11438
11440
11441
11442
11443
11444
11446
11447
11448
12922
12923
12924
12925
12926
12927
12928
12929
12930
12932
12933
12934
12935
12937
12938
12940
12941
12942
12943
12944
12945
